class;source;target;total;path
JabRefPreferences;161;452;613;src/main/java/net/sf/jabref/JabRefPreferences.java
Globals;0;244;244;src/main/java/net/sf/jabref/Globals.java
BasePanel;0;95;95;src/main/java/net/sf/jabref/gui/BasePanel.java
PdfImporter;92;0;92;src/main/java/net/sf/jabref/pdfimport/PdfImporter.java
OpenOfficePreferences;45;13;58;src/main/java/net/sf/jabref/logic/openoffice/OpenOfficePreferences.java
CleanupPreset;39;16;55;src/main/java/net/sf/jabref/logic/cleanup/CleanupPreset.java
Localization;0;53;53;src/main/java/net/sf/jabref/logic/l10n/Localization.java
HelpFiles;0;50;50;src/main/java/net/sf/jabref/gui/help/HelpFiles.java
SaveOrderConfig;40;5;45;src/main/java/net/sf/jabref/logic/config/SaveOrderConfig.java
IconTheme;0;43;43;src/main/java/net/sf/jabref/gui/IconTheme.java
NamedCompound;0;43;43;src/main/java/net/sf/jabref/gui/undo/NamedCompound.java
MetaData;38;0;38;src/main/java/net/sf/jabref/MetaData.java
ExportFormats;34;0;34;src/main/java/net/sf/jabref/exporter/ExportFormats.java
SpecialFieldsUtils;13;19;32;src/main/java/net/sf/jabref/specialfields/SpecialFieldsUtils.java
UpdateField;31;0;31;src/main/java/net/sf/jabref/logic/util/UpdateField.java
JabRefFrame;0;30;30;src/main/java/net/sf/jabref/gui/JabRefFrame.java
Rank;28;0;28;src/main/java/net/sf/jabref/specialfields/Rank.java
ProxyPreferences;27;0;27;src/main/java/net/sf/jabref/logic/net/ProxyPreferences.java
EntryFromFileCreator;24;0;24;src/main/java/net/sf/jabref/importer/EntryFromFileCreator.java
SpecialFieldValue;0;24;24;src/main/java/net/sf/jabref/specialfields/SpecialFieldValue.java
LabelPatternUtil;20;3;23;src/main/java/net/sf/jabref/logic/labelpattern/LabelPatternUtil.java
ChangeScanner;23;0;23;src/main/java/net/sf/jabref/collab/ChangeScanner.java
AutoSaveManager;23;0;23;src/main/java/net/sf/jabref/exporter/AutoSaveManager.java
Priority;23;0;23;src/main/java/net/sf/jabref/specialfields/Priority.java
IEEEXploreFetcher;20;0;20;src/main/java/net/sf/jabref/importer/fetcher/IEEEXploreFetcher.java
DatabaseExporter;20;0;20;src/main/java/net/sf/jabref/sql/exporter/DatabaseExporter.java
InternalBibtexFields;18;2;20;src/main/java/net/sf/jabref/model/entry/InternalBibtexFields.java
DBImportExportDialog;0;20;20;src/main/java/net/sf/jabref/sql/DBImportExportDialog.java
ExternalFileType;0;20;20;src/main/java/net/sf/jabref/external/ExternalFileType.java
SavePreferences;20;0;20;src/main/java/net/sf/jabref/exporter/SavePreferences.java
CustomExportList;17;3;20;src/main/java/net/sf/jabref/exporter/CustomExportList.java
BibDatabaseContext;19;0;19;src/main/java/net/sf/jabref/BibDatabaseContext.java
DBStringsPreferences;19;0;19;src/main/java/net/sf/jabref/sql/DBStringsPreferences.java
CustomImportList;15;3;18;src/main/java/net/sf/jabref/importer/CustomImportList.java
ReadStatus;18;0;18;src/main/java/net/sf/jabref/specialfields/ReadStatus.java
XMPUtil;17;0;17;src/main/java/net/sf/jabref/logic/xmp/XMPUtil.java
LatexFieldFormatter;17;0;17;src/main/java/net/sf/jabref/logic/bibtex/LatexFieldFormatter.java
EntryDeleteChange;17;0;17;src/main/java/net/sf/jabref/collab/EntryDeleteChange.java
EntryAddChange;17;0;17;src/main/java/net/sf/jabref/collab/EntryAddChange.java
EntryFromPDFCreator;16;0;16;src/main/java/net/sf/jabref/importer/EntryFromPDFCreator.java
UnlinkedFilesCrawler;16;0;16;src/main/java/net/sf/jabref/importer/UnlinkedFilesCrawler.java
AutoCompletePreferences;14;2;16;src/main/java/net/sf/jabref/logic/autocompleter/AutoCompletePreferences.java
DroppedFileHandler;0;15;15;src/main/java/net/sf/jabref/external/DroppedFileHandler.java
ExternalFileTypes;0;15;15;src/main/java/net/sf/jabref/external/ExternalFileTypes.java
EntryFromFileCreatorManager;15;0;15;src/main/java/net/sf/jabref/importer/EntryFromFileCreatorManager.java
BibDatabaseWriter;14;0;14;src/main/java/net/sf/jabref/exporter/BibDatabaseWriter.java
StringChange;14;0;14;src/main/java/net/sf/jabref/collab/StringChange.java
GroupChange;14;0;14;src/main/java/net/sf/jabref/collab/GroupChange.java
FindUnlinkedFilesDialog;0;13;13;src/main/java/net/sf/jabref/gui/FindUnlinkedFilesDialog.java
JabRefGUI;0;13;13;src/main/java/net/sf/jabref/JabRefGUI.java
FieldFormatterCleanups;3;10;13;src/main/java/net/sf/jabref/exporter/FieldFormatterCleanups.java
FileListTableModel;0;13;13;src/main/java/net/sf/jabref/gui/FileListTableModel.java
StringNameChange;13;0;13;src/main/java/net/sf/jabref/collab/StringNameChange.java
JournalAbbreviationLoader;12;0;12;src/main/java/net/sf/jabref/logic/journals/JournalAbbreviationLoader.java
StringAddChange;12;0;12;src/main/java/net/sf/jabref/collab/StringAddChange.java
InfoPane;0;12;12;src/main/java/net/sf/jabref/collab/InfoPane.java
StringUtil;7;4;11;src/main/java/net/sf/jabref/logic/util/strings/StringUtil.java
KeywordGroup;11;0;11;src/main/java/net/sf/jabref/logic/groups/KeywordGroup.java
ImportDialog;0;11;11;src/main/java/net/sf/jabref/pdfimport/ImportDialog.java
ImportFormatReader;11;0;11;src/main/java/net/sf/jabref/importer/ImportFormatReader.java
AutoSetLinks;11;0;11;src/main/java/net/sf/jabref/external/AutoSetLinks.java
EntryChange;11;0;11;src/main/java/net/sf/jabref/collab/EntryChange.java
ISBNtoBibTeXFetcher;11;0;11;src/main/java/net/sf/jabref/importer/fetcher/ISBNtoBibTeXFetcher.java
StringRemoveChange;11;0;11;src/main/java/net/sf/jabref/collab/StringRemoveChange.java
PreambleChange;11;0;11;src/main/java/net/sf/jabref/collab/PreambleChange.java
TimeStamp;11;0;11;src/main/java/net/sf/jabref/logic/util/date/TimeStamp.java
Defaults;0;11;11;src/main/java/net/sf/jabref/Defaults.java
FreeCiteImporter;10;0;10;src/main/java/net/sf/jabref/importer/fileformat/FreeCiteImporter.java
SpecialField;10;0;10;src/main/java/net/sf/jabref/specialfields/SpecialField.java
Quality;10;0;10;src/main/java/net/sf/jabref/specialfields/Quality.java
RemotePreferences;7;3;10;src/main/java/net/sf/jabref/logic/remote/RemotePreferences.java
EasyDateFormat;5;5;10;src/main/java/net/sf/jabref/logic/util/date/EasyDateFormat.java
ACMPortalFetcher;9;0;9;src/main/java/net/sf/jabref/importer/fetcher/ACMPortalFetcher.java
FileUtil;9;0;9;src/main/java/net/sf/jabref/logic/util/io/FileUtil.java
CustomEntryType;0;9;9;src/main/java/net/sf/jabref/model/entry/CustomEntryType.java
Printed;9;0;9;src/main/java/net/sf/jabref/specialfields/Printed.java
Relevance;9;0;9;src/main/java/net/sf/jabref/specialfields/Relevance.java
ExportFormat;8;0;8;src/main/java/net/sf/jabref/exporter/ExportFormat.java
FieldFormatterCleanup;0;8;8;src/main/java/net/sf/jabref/logic/cleanup/FieldFormatterCleanup.java
GoogleScholarFetcher;7;0;7;src/main/java/net/sf/jabref/importer/fetcher/GoogleScholarFetcher.java
XMPSchemaBibtex;7;0;7;src/main/java/net/sf/jabref/logic/xmp/XMPSchemaBibtex.java
WrapFileLinks;7;0;7;src/main/java/net/sf/jabref/logic/layout/format/WrapFileLinks.java
HtmlToLatexFormatter;5;2;7;src/main/java/net/sf/jabref/logic/formatter/bibtexfields/HtmlToLatexFormatter.java
FileLink;7;0;7;src/main/java/net/sf/jabref/logic/layout/format/FileLink.java
DBStrings;2;5;7;src/main/java/net/sf/jabref/sql/DBStrings.java
FileHistory;7;0;7;src/main/java/net/sf/jabref/logic/util/io/FileHistory.java
LastFocusedTabPreferences;7;0;7;src/main/java/net/sf/jabref/logic/preferences/LastFocusedTabPreferences.java
VersionPreferences;5;2;7;src/main/java/net/sf/jabref/logic/util/VersionPreferences.java
OpenDatabaseAction;0;6;6;src/main/java/net/sf/jabref/importer/OpenDatabaseAction.java
PreviewPanel;0;6;6;src/main/java/net/sf/jabref/gui/PreviewPanel.java
FetcherPreviewDialog;0;6;6;src/main/java/net/sf/jabref/gui/FetcherPreviewDialog.java
GroupTreeNode;0;6;6;src/main/java/net/sf/jabref/logic/groups/GroupTreeNode.java
BibEntryWriter;6;0;6;src/main/java/net/sf/jabref/logic/bibtex/BibEntryWriter.java
JabRefExecutorService;0;6;6;src/main/java/net/sf/jabref/JabRefExecutorService.java
MetaDataChange;6;0;6;src/main/java/net/sf/jabref/collab/MetaDataChange.java
AbstractLabelPattern;2;4;6;src/main/java/net/sf/jabref/logic/labelpattern/AbstractLabelPattern.java
UndoableInsertString;0;6;6;src/main/java/net/sf/jabref/gui/undo/UndoableInsertString.java
DatabaseFileLookup;6;0;6;src/main/java/net/sf/jabref/importer/DatabaseFileLookup.java
UndoableInsertEntry;0;6;6;src/main/java/net/sf/jabref/gui/undo/UndoableInsertEntry.java
CustomEntryTypesManager;6;0;6;src/main/java/net/sf/jabref/logic/CustomEntryTypesManager.java
FileListEntry;0;6;6;src/main/java/net/sf/jabref/gui/FileListEntry.java
GlobalLabelPattern;1;5;6;src/main/java/net/sf/jabref/logic/labelpattern/GlobalLabelPattern.java
ArgumentProcessor;5;0;5;src/main/java/net/sf/jabref/cli/ArgumentProcessor.java
BibEntry;5;0;5;src/main/java/net/sf/jabref/model/entry/BibEntry.java
JabRefDesktop;0;5;5;src/main/java/net/sf/jabref/gui/desktop/JabRefDesktop.java
SearchGroup;5;0;5;src/main/java/net/sf/jabref/logic/groups/SearchGroup.java
SaveSession;5;0;5;src/main/java/net/sf/jabref/exporter/SaveSession.java
DOItoBibTeXFetcher;5;0;5;src/main/java/net/sf/jabref/importer/fetcher/DOItoBibTeXFetcher.java
NameFormatter;5;0;5;src/main/java/net/sf/jabref/logic/layout/format/NameFormatter.java
DiVAtoBibTeXFetcher;5;0;5;src/main/java/net/sf/jabref/importer/fetcher/DiVAtoBibTeXFetcher.java
BibtexImporter;5;0;5;src/main/java/net/sf/jabref/importer/fileformat/BibtexImporter.java
TypedBibEntry;5;0;5;src/main/java/net/sf/jabref/logic/TypedBibEntry.java
DatabaseUtil;5;0;5;src/main/java/net/sf/jabref/sql/DatabaseUtil.java
UpgradePdfPsToFileCleanup;5;0;5;src/main/java/net/sf/jabref/logic/cleanup/UpgradePdfPsToFileCleanup.java
FieldContentParser;5;0;5;src/main/java/net/sf/jabref/logic/bibtex/FieldContentParser.java
AbstractWorker;0;5;5;src/main/java/net/sf/jabref/gui/worker/AbstractWorker.java
OS;0;5;5;src/main/java/net/sf/jabref/logic/util/OS.java
LatexToUnicodeFormatter;4;0;4;src/main/java/net/sf/jabref/logic/layout/format/LatexToUnicodeFormatter.java
EntryTypeDialog;0;4;4;src/main/java/net/sf/jabref/gui/EntryTypeDialog.java
CrossrefFetcherEvaluator;4;0;4;src/main/java/net/sf/jabref/importer/fetcher/CrossrefFetcherEvaluator.java
UndoableFieldChange;0;4;4;src/main/java/net/sf/jabref/gui/undo/UndoableFieldChange.java
UndoableStringChange;0;4;4;src/main/java/net/sf/jabref/gui/undo/UndoableStringChange.java
EntryEditorTabList;0;4;4;src/main/java/net/sf/jabref/gui/entryeditor/EntryEditorTabList.java
Change;4;0;4;src/main/java/net/sf/jabref/collab/Change.java
JabRefException;0;4;4;src/main/java/net/sf/jabref/JabRefException.java
BibDatabaseMode;0;4;4;src/main/java/net/sf/jabref/model/database/BibDatabaseMode.java
FileLinksCleanup;4;0;4;src/main/java/net/sf/jabref/logic/cleanup/FileLinksCleanup.java
EntryFromExternalFileCreator;4;0;4;src/main/java/net/sf/jabref/importer/EntryFromExternalFileCreator.java
EntryFetcher;4;0;4;src/main/java/net/sf/jabref/importer/fetcher/EntryFetcher.java
NativeDesktop;0;4;4;src/main/java/net/sf/jabref/gui/desktop/os/NativeDesktop.java
BibtexParser;3;0;3;src/main/java/net/sf/jabref/importer/fileformat/BibtexParser.java
LayoutEntry;3;0;3;src/main/java/net/sf/jabref/logic/layout/LayoutEntry.java
MainTable;0;3;3;src/main/java/net/sf/jabref/gui/maintable/MainTable.java
IntegrityCheck;3;0;3;src/main/java/net/sf/jabref/logic/integrity/IntegrityCheck.java
GroupTreeNodeViewModel;0;3;3;src/main/java/net/sf/jabref/gui/groups/GroupTreeNodeViewModel.java
OAI2Fetcher;3;0;3;src/main/java/net/sf/jabref/importer/fetcher/OAI2Fetcher.java
MedlineFetcher;3;0;3;src/main/java/net/sf/jabref/importer/fetcher/MedlineFetcher.java
HTMLChars;3;0;3;src/main/java/net/sf/jabref/logic/layout/format/HTMLChars.java
OOPreFormatter;3;0;3;src/main/java/net/sf/jabref/logic/openoffice/OOPreFormatter.java
ImportSettingsTab;0;3;3;src/main/java/net/sf/jabref/gui/preftabs/ImportSettingsTab.java
RTFChars;3;0;3;src/main/java/net/sf/jabref/logic/layout/format/RTFChars.java
GVKFetcher;3;0;3;src/main/java/net/sf/jabref/importer/fetcher/GVKFetcher.java
URLDownload;3;0;3;src/main/java/net/sf/jabref/logic/net/URLDownload.java
ADSFetcher;3;0;3;src/main/java/net/sf/jabref/importer/fetcher/ADSFetcher.java
CiteSeerXFetcher;3;0;3;src/main/java/net/sf/jabref/importer/fetcher/CiteSeerXFetcher.java
SpringerFetcher;3;0;3;src/main/java/net/sf/jabref/importer/fetcher/SpringerFetcher.java
DBLPFetcher;3;0;3;src/main/java/net/sf/jabref/importer/fetcher/DBLPFetcher.java
DOAJFetcher;3;0;3;src/main/java/net/sf/jabref/importer/fetcher/DOAJFetcher.java
ScienceDirectFetcher;3;0;3;src/main/java/net/sf/jabref/importer/fetcher/ScienceDirectFetcher.java
INSPIREFetcher;3;0;3;src/main/java/net/sf/jabref/importer/fetcher/INSPIREFetcher.java
PersistenceTableColumnListener;0;3;3;src/main/java/net/sf/jabref/gui/maintable/PersistenceTableColumnListener.java
JabRefMain;0;3;3;src/main/java/net/sf/jabref/JabRefMain.java
RemoveLatexCommands;3;0;3;src/main/java/net/sf/jabref/logic/layout/format/RemoveLatexCommands.java
RemoteListenerServerLifecycle;3;0;3;src/main/java/net/sf/jabref/logic/remote/server/RemoteListenerServerLifecycle.java
UndoableModifySubtree;0;3;3;src/main/java/net/sf/jabref/gui/groups/UndoableModifySubtree.java
ConvertLegacyExplicitGroups;3;0;3;src/main/java/net/sf/jabref/importer/ConvertLegacyExplicitGroups.java
EntryUtil;0;3;3;src/main/java/net/sf/jabref/model/entry/EntryUtil.java
MnemonicAwareAction;0;3;3;src/main/java/net/sf/jabref/gui/actions/MnemonicAwareAction.java
PdfFileFilter;0;3;3;src/main/java/net/sf/jabref/pdfimport/PdfFileFilter.java
UnlinkedPDFFileFilter;0;3;3;src/main/java/net/sf/jabref/importer/UnlinkedPDFFileFilter.java
DatabaseLabelPattern;3;0;3;src/main/java/net/sf/jabref/logic/labelpattern/DatabaseLabelPattern.java
ParseException;0;3;3;src/main/java/net/sf/jabref/importer/fileformat/ParseException.java
BasePanelMode;0;3;3;src/main/java/net/sf/jabref/gui/BasePanelMode.java
ImportInspectionDialog;0;2;2;src/main/java/net/sf/jabref/gui/ImportInspectionDialog.java
EntryEditor;0;2;2;src/main/java/net/sf/jabref/gui/entryeditor/EntryEditor.java
OOBibStyle;2;0;2;src/main/java/net/sf/jabref/logic/openoffice/OOBibStyle.java
MedlinePlainImporter;2;0;2;src/main/java/net/sf/jabref/importer/fileformat/MedlinePlainImporter.java
RisImporter;2;0;2;src/main/java/net/sf/jabref/importer/fileformat/RisImporter.java
FieldComparator;2;0;2;src/main/java/net/sf/jabref/logic/bibtex/comparator/FieldComparator.java
UnitsToLatexFormatter;0;2;2;src/main/java/net/sf/jabref/logic/formatter/bibtexfields/UnitsToLatexFormatter.java
StyleLoader;0;2;2;src/main/java/net/sf/jabref/logic/openoffice/StyleLoader.java
NormalizeDateFormatter;0;2;2;src/main/java/net/sf/jabref/logic/formatter/bibtexfields/NormalizeDateFormatter.java
NormalizePagesFormatter;0;2;2;src/main/java/net/sf/jabref/logic/formatter/bibtexfields/NormalizePagesFormatter.java
UndoableRemoveString;0;2;2;src/main/java/net/sf/jabref/gui/undo/UndoableRemoveString.java
UndoableRemoveEntry;0;2;2;src/main/java/net/sf/jabref/gui/undo/UndoableRemoveEntry.java
ProtectTermsFormatter;0;2;2;src/main/java/net/sf/jabref/logic/formatter/casechanger/ProtectTermsFormatter.java
UndoablePreambleChange;0;2;2;src/main/java/net/sf/jabref/gui/undo/UndoablePreambleChange.java
CountingUndoManager;0;2;2;src/main/java/net/sf/jabref/gui/undo/CountingUndoManager.java
LatexCleanupFormatter;0;2;2;src/main/java/net/sf/jabref/logic/formatter/bibtexfields/LatexCleanupFormatter.java
NormalizeMonthFormatter;0;2;2;src/main/java/net/sf/jabref/logic/formatter/bibtexfields/NormalizeMonthFormatter.java
RisAuthors;2;0;2;src/main/java/net/sf/jabref/logic/layout/format/RisAuthors.java
RisKeywords;2;0;2;src/main/java/net/sf/jabref/logic/layout/format/RisKeywords.java
PreviewEntryFetcher;0;2;2;src/main/java/net/sf/jabref/importer/fetcher/PreviewEntryFetcher.java
ExportComparator;0;2;2;src/main/java/net/sf/jabref/exporter/ExportComparator.java
TreeNode;0;1;1;src/main/java/net/sf/jabref/logic/groups/TreeNode.java
PostOpenAction;0;1;1;src/main/java/net/sf/jabref/importer/PostOpenAction.java
GroupSelector;0;0;0;src/main/java/net/sf/jabref/gui/groups/GroupSelector.java
OOBibBase;0;0;0;src/main/java/net/sf/jabref/gui/openoffice/OOBibBase.java
CaseKeeperList;0;0;0;src/main/java/net/sf/jabref/logic/formatter/casechanger/CaseKeeperList.java
VM;0;0;0;src/main/java/net/sf/jabref/bst/VM.java
BibLatexEntryTypes;0;0;0;src/main/java/net/sf/jabref/model/entry/BibLatexEntryTypes.java
TableColumnsTab;0;0;0;src/main/java/net/sf/jabref/gui/preftabs/TableColumnsTab.java
EmacsKeyBindings;0;0;0;src/main/java/net/sf/jabref/gui/keyboard/EmacsKeyBindings.java
OpenOfficePanel;0;0;0;src/main/java/net/sf/jabref/gui/openoffice/OpenOfficePanel.java
ManageJournalsPanel;0;0;0;src/main/java/net/sf/jabref/gui/journals/ManageJournalsPanel.java
TextInputDialog;0;0;0;src/main/java/net/sf/jabref/gui/plaintextimport/TextInputDialog.java
HTMLUnicodeConversionMaps;0;0;0;src/main/java/net/sf/jabref/logic/util/strings/HTMLUnicodeConversionMaps.java
MedlineHandler;0;0;0;src/main/java/net/sf/jabref/importer/fileformat/MedlineHandler.java
FileListEditor;0;0;0;src/main/java/net/sf/jabref/gui/fieldeditors/FileListEditor.java
StyleSelectDialog;0;0;0;src/main/java/net/sf/jabref/gui/openoffice/StyleSelectDialog.java
MainTableSelectionListener;0;0;0;src/main/java/net/sf/jabref/gui/maintable/MainTableSelectionListener.java
MergeEntries;0;0;0;src/main/java/net/sf/jabref/gui/mergeentries/MergeEntries.java
PdfContentImporter;0;0;0;src/main/java/net/sf/jabref/importer/fileformat/PdfContentImporter.java
GroupDialog;0;0;0;src/main/java/net/sf/jabref/gui/groups/GroupDialog.java
ContentSelectorDialog2;0;0;0;src/main/java/net/sf/jabref/gui/ContentSelectorDialog2.java
SearchResultsDialog;0;0;0;src/main/java/net/sf/jabref/gui/search/SearchResultsDialog.java
EntryCustomizationDialog;0;0;0;src/main/java/net/sf/jabref/gui/EntryCustomizationDialog.java
StringDialog;0;0;0;src/main/java/net/sf/jabref/gui/StringDialog.java
GVKParser;0;0;0;src/main/java/net/sf/jabref/importer/fetcher/GVKParser.java
FieldExtraComponents;0;0;0;src/main/java/net/sf/jabref/gui/entryeditor/FieldExtraComponents.java
GroupsTree;0;0;0;src/main/java/net/sf/jabref/gui/groups/GroupsTree.java
SynchronizeFileField;0;0;0;src/main/java/net/sf/jabref/external/SynchronizeFileField.java
AutoCompleteListener;0;0;0;src/main/java/net/sf/jabref/gui/autocompleter/AutoCompleteListener.java
ManageKeywordsAction;0;0;0;src/main/java/net/sf/jabref/gui/actions/ManageKeywordsAction.java
ExternalFileTypeEditor;0;0;0;src/main/java/net/sf/jabref/external/ExternalFileTypeEditor.java
IsiImporter;0;0;0;src/main/java/net/sf/jabref/importer/fileformat/IsiImporter.java
SaveDatabaseAction;0;0;0;src/main/java/net/sf/jabref/exporter/SaveDatabaseAction.java
FileListEntryEditor;0;0;0;src/main/java/net/sf/jabref/gui/FileListEntryEditor.java
EntryEditorTab;0;0;0;src/main/java/net/sf/jabref/gui/entryeditor/EntryEditorTab.java
BibDatabase;0;0;0;src/main/java/net/sf/jabref/model/database/BibDatabase.java
AuthorListParser;0;0;0;src/main/java/net/sf/jabref/model/entry/AuthorListParser.java
FieldSetComponent;0;0;0;src/main/java/net/sf/jabref/gui/FieldSetComponent.java
SearchBar;0;0;0;src/main/java/net/sf/jabref/gui/search/SearchBar.java
MODSEntry;0;0;0;src/main/java/net/sf/jabref/logic/mods/MODSEntry.java
LayoutHelper;0;0;0;src/main/java/net/sf/jabref/logic/layout/LayoutHelper.java
Authors;0;0;0;src/main/java/net/sf/jabref/logic/layout/format/Authors.java
ImportCustomizationDialog;0;0;0;src/main/java/net/sf/jabref/importer/ImportCustomizationDialog.java
MSBibEntry;0;0;0;src/main/java/net/sf/jabref/logic/msbib/MSBibEntry.java
NameFormatterTab;0;0;0;src/main/java/net/sf/jabref/gui/preftabs/NameFormatterTab.java
FileTab;0;0;0;src/main/java/net/sf/jabref/gui/preftabs/FileTab.java
BiblioscapeImporter;0;0;0;src/main/java/net/sf/jabref/importer/fileformat/BiblioscapeImporter.java
GeneralTab;0;0;0;src/main/java/net/sf/jabref/gui/preftabs/GeneralTab.java
TablePrefsTab;0;0;0;src/main/java/net/sf/jabref/gui/preftabs/TablePrefsTab.java
AutoDetectPaths;0;0;0;src/main/java/net/sf/jabref/gui/openoffice/AutoDetectPaths.java
MassSetFieldAction;0;0;0;src/main/java/net/sf/jabref/gui/actions/MassSetFieldAction.java
RightClickMenu;0;0;0;src/main/java/net/sf/jabref/gui/menus/RightClickMenu.java
BibtexNameFormatter;0;0;0;src/main/java/net/sf/jabref/bst/BibtexNameFormatter.java
DownloadExternalFile;0;0;0;src/main/java/net/sf/jabref/external/DownloadExternalFile.java
GeneralFetcher;0;0;0;src/main/java/net/sf/jabref/importer/fetcher/GeneralFetcher.java
UnicodeToReadableCharMap;0;0;0;src/main/java/net/sf/jabref/logic/util/strings/UnicodeToReadableCharMap.java
EntryTableTransferHandler;0;0;0;src/main/java/net/sf/jabref/gui/groups/EntryTableTransferHandler.java
DatabasePropertiesDialog;0;0;0;src/main/java/net/sf/jabref/gui/dbproperties/DatabasePropertiesDialog.java
FieldFormatterCleanupsPanel;0;0;0;src/main/java/net/sf/jabref/gui/cleanup/FieldFormatterCleanupsPanel.java
EntryEditorPrefsTab;0;0;0;src/main/java/net/sf/jabref/gui/preftabs/EntryEditorPrefsTab.java
AppearancePrefsTab;0;0;0;src/main/java/net/sf/jabref/gui/preftabs/AppearancePrefsTab.java
PushToApplicationButton;0;0;0;src/main/java/net/sf/jabref/external/push/PushToApplicationButton.java
RtfCharMap;0;0;0;src/main/java/net/sf/jabref/logic/util/strings/RtfCharMap.java
Author;0;0;0;src/main/java/net/sf/jabref/model/entry/Author.java
RepecNepImporter;0;0;0;src/main/java/net/sf/jabref/importer/fileformat/RepecNepImporter.java
PreferencesDialog;0;0;0;src/main/java/net/sf/jabref/gui/preftabs/PreferencesDialog.java
AuthorList;0;0;0;src/main/java/net/sf/jabref/model/entry/AuthorList.java
ExternalFileTypeEntryEditor;0;0;0;src/main/java/net/sf/jabref/external/ExternalFileTypeEntryEditor.java
EndnoteImporter;0;0;0;src/main/java/net/sf/jabref/importer/fileformat/EndnoteImporter.java
DatabaseImporter;0;0;0;src/main/java/net/sf/jabref/sql/importer/DatabaseImporter.java
WriteXMPAction;0;0;0;src/main/java/net/sf/jabref/external/WriteXMPAction.java
LabelPatternPanel;0;0;0;src/main/java/net/sf/jabref/gui/labelpattern/LabelPatternPanel.java
PreviewPrefsTab;0;0;0;src/main/java/net/sf/jabref/gui/preftabs/PreviewPrefsTab.java
BibtexCaseChanger;0;0;0;src/main/java/net/sf/jabref/bst/BibtexCaseChanger.java
MainTableDataModel;0;0;0;src/main/java/net/sf/jabref/gui/maintable/MainTableDataModel.java
FontSelectorDialog;0;0;0;src/main/java/net/sf/jabref/gui/preftabs/FontSelectorDialog.java
DuplicateCheck;0;0;0;src/main/java/net/sf/jabref/model/DuplicateCheck.java
OOUtil;0;0;0;src/main/java/net/sf/jabref/logic/openoffice/OOUtil.java
JabRefCLI;0;0;0;src/main/java/net/sf/jabref/cli/JabRefCLI.java
ImportMenuItem;0;0;0;src/main/java/net/sf/jabref/importer/ImportMenuItem.java
XmpPrefsTab;0;0;0;src/main/java/net/sf/jabref/gui/preftabs/XmpPrefsTab.java
DBConnectDialog;0;0;0;src/main/java/net/sf/jabref/sql/DBConnectDialog.java
CitationManager;0;0;0;src/main/java/net/sf/jabref/gui/openoffice/CitationManager.java
SidePaneManager;0;0;0;src/main/java/net/sf/jabref/gui/SidePaneManager.java
BibtexWidth;0;0;0;src/main/java/net/sf/jabref/bst/BibtexWidth.java
FromAuxDialog;0;0;0;src/main/java/net/sf/jabref/gui/auximport/FromAuxDialog.java
OvidImporter;0;0;0;src/main/java/net/sf/jabref/importer/fileformat/OvidImporter.java
ReplaceStringDialog;0;0;0;src/main/java/net/sf/jabref/gui/ReplaceStringDialog.java
RegExpFileSearch;0;0;0;src/main/java/net/sf/jabref/external/RegExpFileSearch.java
GrammarBasedSearchRule;0;0;0;src/main/java/net/sf/jabref/logic/search/rules/GrammarBasedSearchRule.java
OpenDocumentRepresentation;0;0;0;src/main/java/net/sf/jabref/exporter/OpenDocumentRepresentation.java
OOCalcDatabase;0;0;0;src/main/java/net/sf/jabref/exporter/OOCalcDatabase.java
PreambleEditor;0;0;0;src/main/java/net/sf/jabref/gui/PreambleEditor.java
DuplicateSearch;0;0;0;src/main/java/net/sf/jabref/gui/DuplicateSearch.java
AutoGroupDialog;0;0;0;src/main/java/net/sf/jabref/gui/groups/AutoGroupDialog.java
JSONEntryParser;0;0;0;src/main/java/net/sf/jabref/importer/fileformat/JSONEntryParser.java
MoveFileAction;0;0;0;src/main/java/net/sf/jabref/external/MoveFileAction.java
FileLinksUpgradeWarning;0;0;0;src/main/java/net/sf/jabref/migrations/FileLinksUpgradeWarning.java
CustomExportDialog;0;0;0;src/main/java/net/sf/jabref/exporter/CustomExportDialog.java
GroupAddRemoveDialog;0;0;0;src/main/java/net/sf/jabref/gui/groups/GroupAddRemoveDialog.java
SilverPlatterImporter;0;0;0;src/main/java/net/sf/jabref/importer/fileformat/SilverPlatterImporter.java
AutoCompleteSupport;0;0;0;src/main/java/net/sf/jabref/gui/autocompleter/AutoCompleteSupport.java
BibtexEntryTypes;0;0;0;src/main/java/net/sf/jabref/model/entry/BibtexEntryTypes.java
DbImportAction;0;0;0;src/main/java/net/sf/jabref/sql/importer/DbImportAction.java
SpecialMainTableColumns;0;0;0;src/main/java/net/sf/jabref/gui/maintable/SpecialMainTableColumns.java
GenFieldsCustomizer;0;0;0;src/main/java/net/sf/jabref/gui/GenFieldsCustomizer.java
ExportCustomizationDialog;0;0;0;src/main/java/net/sf/jabref/exporter/ExportCustomizationDialog.java
NetworkTab;0;0;0;src/main/java/net/sf/jabref/gui/preftabs/NetworkTab.java
AdvancedTab;0;0;0;src/main/java/net/sf/jabref/gui/preftabs/AdvancedTab.java
TextField;0;0;0;src/main/java/net/sf/jabref/gui/fieldeditors/TextField.java
FileUpdateMonitor;0;0;0;src/main/java/net/sf/jabref/collab/FileUpdateMonitor.java
ZipFileChooser;0;0;0;src/main/java/net/sf/jabref/importer/ZipFileChooser.java
AppendDatabaseAction;0;0;0;src/main/java/net/sf/jabref/importer/AppendDatabaseAction.java
EntryMarker;0;0;0;src/main/java/net/sf/jabref/gui/EntryMarker.java
UrlDragDrop;0;0;0;src/main/java/net/sf/jabref/gui/UrlDragDrop.java
PushToEmacs;0;0;0;src/main/java/net/sf/jabref/external/push/PushToEmacs.java
CleanupAction;0;0;0;src/main/java/net/sf/jabref/gui/actions/CleanupAction.java
ColorSetupPanel;0;0;0;src/main/java/net/sf/jabref/gui/preftabs/ColorSetupPanel.java
FileDialogs;0;0;0;src/main/java/net/sf/jabref/gui/FileDialogs.java
LabelPatternPrefTab;0;0;0;src/main/java/net/sf/jabref/gui/preftabs/LabelPatternPrefTab.java
PostgreSQL;0;0;0;src/main/java/net/sf/jabref/sql/database/PostgreSQL.java
MergeEntryDOIDialog;0;0;0;src/main/java/net/sf/jabref/gui/mergeentries/MergeEntryDOIDialog.java
NameFieldAutoCompleter;0;0;0;src/main/java/net/sf/jabref/logic/autocompleter/NameFieldAutoCompleter.java
ExplicitGroup;0;0;0;src/main/java/net/sf/jabref/logic/groups/ExplicitGroup.java
GroupsPrefsTab;0;0;0;src/main/java/net/sf/jabref/gui/preftabs/GroupsPrefsTab.java
JTextAreaWithHighlighting;0;0;0;src/main/java/net/sf/jabref/gui/fieldeditors/JTextAreaWithHighlighting.java
ChangeDisplayDialog;0;0;0;src/main/java/net/sf/jabref/collab/ChangeDisplayDialog.java
MySQL;0;0;0;src/main/java/net/sf/jabref/sql/database/MySQL.java
SQLUtil;0;0;0;src/main/java/net/sf/jabref/sql/SQLUtil.java
AbstractPushToApplication;0;0;0;src/main/java/net/sf/jabref/external/push/AbstractPushToApplication.java
CleanupPresetPanel;0;0;0;src/main/java/net/sf/jabref/gui/cleanup/CleanupPresetPanel.java
DragDropPane;0;0;0;src/main/java/net/sf/jabref/gui/DragDropPane.java
OpenDocumentSpreadsheetCreator;0;0;0;src/main/java/net/sf/jabref/exporter/OpenDocumentSpreadsheetCreator.java
ParserResult;0;0;0;src/main/java/net/sf/jabref/importer/ParserResult.java
DuplicateResolverDialog;0;0;0;src/main/java/net/sf/jabref/gui/DuplicateResolverDialog.java
PushToVim;0;0;0;src/main/java/net/sf/jabref/external/push/PushToVim.java
XmlCharsMap;0;0;0;src/main/java/net/sf/jabref/logic/util/strings/XmlCharsMap.java
InspecImporter;0;0;0;src/main/java/net/sf/jabref/importer/fileformat/InspecImporter.java
CopacImporter;0;0;0;src/main/java/net/sf/jabref/importer/fileformat/CopacImporter.java
MainTableColumn;0;0;0;src/main/java/net/sf/jabref/gui/maintable/MainTableColumn.java
GUIGlobals;0;0;0;src/main/java/net/sf/jabref/gui/GUIGlobals.java
KeyBindingsDialog;0;0;0;src/main/java/net/sf/jabref/gui/keyboard/KeyBindingsDialog.java
MSBibConverter;0;0;0;src/main/java/net/sf/jabref/logic/msbib/MSBibConverter.java
EntryTypeList;0;0;0;src/main/java/net/sf/jabref/gui/EntryTypeList.java
FieldContentSelector;0;0;0;src/main/java/net/sf/jabref/gui/FieldContentSelector.java
ResolveDuplicateLabelDialog;0;0;0;src/main/java/net/sf/jabref/gui/labelpattern/ResolveDuplicateLabelDialog.java
WriteXMPEntryEditorAction;0;0;0;src/main/java/net/sf/jabref/external/WriteXMPEntryEditorAction.java
AuxParser;0;0;0;src/main/java/net/sf/jabref/logic/auxparser/AuxParser.java
FileListEditorTransferHandler;0;0;0;src/main/java/net/sf/jabref/gui/fieldeditors/FileListEditorTransferHandler.java
KeyBinding;0;0;0;src/main/java/net/sf/jabref/gui/keyboard/KeyBinding.java
GroupTreeCellRenderer;0;0;0;src/main/java/net/sf/jabref/gui/groups/GroupTreeCellRenderer.java
OpenOfficeDocumentCreator;0;0;0;src/main/java/net/sf/jabref/exporter/OpenOfficeDocumentCreator.java
TextArea;0;0;0;src/main/java/net/sf/jabref/gui/fieldeditors/TextArea.java
MSBibMapping;0;0;0;src/main/java/net/sf/jabref/logic/msbib/MSBibMapping.java
Version;0;0;0;src/main/java/net/sf/jabref/logic/util/Version.java
UndoableAddOrRemoveGroup;0;0;0;src/main/java/net/sf/jabref/gui/groups/UndoableAddOrRemoveGroup.java
MainTableFormat;0;0;0;src/main/java/net/sf/jabref/gui/maintable/MainTableFormat.java
BibtexSingleField;0;0;0;src/main/java/net/sf/jabref/model/entry/BibtexSingleField.java
EntryTypes;0;0;0;src/main/java/net/sf/jabref/model/EntryTypes.java
ExportToClipboardAction;0;0;0;src/main/java/net/sf/jabref/exporter/ExportToClipboardAction.java
ImportFormats;0;0;0;src/main/java/net/sf/jabref/importer/ImportFormats.java
JabRefPreferencesFilterDialog;0;0;0;src/main/java/net/sf/jabref/JabRefPreferencesFilterDialog.java
Layout;0;0;0;src/main/java/net/sf/jabref/logic/layout/Layout.java
EntryComparator;0;0;0;src/main/java/net/sf/jabref/logic/bibtex/comparator/EntryComparator.java
FileField;0;0;0;src/main/java/net/sf/jabref/model/entry/FileField.java
SearchQuery;0;0;0;src/main/java/net/sf/jabref/logic/search/SearchQuery.java
SendAsEMailAction;0;0;0;src/main/java/net/sf/jabref/gui/worker/SendAsEMailAction.java
ExternalTab;0;0;0;src/main/java/net/sf/jabref/gui/preftabs/ExternalTab.java
MergeDialog;0;0;0;src/main/java/net/sf/jabref/gui/MergeDialog.java
BibtexString;0;0;0;src/main/java/net/sf/jabref/model/entry/BibtexString.java
FieldTextMenu;0;0;0;src/main/java/net/sf/jabref/gui/fieldeditors/contextmenu/FieldTextMenu.java
MSBibDatabase;0;0;0;src/main/java/net/sf/jabref/logic/msbib/MSBibDatabase.java
PushToLyx;0;0;0;src/main/java/net/sf/jabref/external/push/PushToLyx.java
VerticalLabelUI;0;0;0;src/main/java/net/sf/jabref/gui/util/component/VerticalLabelUI.java
AdvancedCiteDialog;0;0;0;src/main/java/net/sf/jabref/gui/openoffice/AdvancedCiteDialog.java
DOI;0;0;0;src/main/java/net/sf/jabref/logic/util/DOI.java
PersonName;0;0;0;src/main/java/net/sf/jabref/logic/mods/PersonName.java
SaveOrderConfigDisplay;0;0;0;src/main/java/net/sf/jabref/gui/SaveOrderConfigDisplay.java
BibTeXConverter;0;0;0;src/main/java/net/sf/jabref/logic/msbib/BibTeXConverter.java
GrammarBasedSearchRuleDescriber;0;0;0;src/main/java/net/sf/jabref/logic/search/rules/describer/GrammarBasedSearchRuleDescriber.java
JournalAbbreviationRepository;0;0;0;src/main/java/net/sf/jabref/logic/journals/JournalAbbreviationRepository.java
RenamePdfCleanup;0;0;0;src/main/java/net/sf/jabref/logic/cleanup/RenamePdfCleanup.java
AbstractGroup;0;0;0;src/main/java/net/sf/jabref/logic/groups/AbstractGroup.java
Cookie;0;0;0;src/main/java/net/sf/jabref/logic/net/Cookie.java
CrossRef;0;0;0;src/main/java/net/sf/jabref/importer/fetcher/CrossRef.java
MonthUtil;0;0;0;src/main/java/net/sf/jabref/model/entry/MonthUtil.java
OpenOfficeFileSearch;0;0;0;src/main/java/net/sf/jabref/logic/openoffice/OpenOfficeFileSearch.java
CustomImporter;0;0;0;src/main/java/net/sf/jabref/importer/CustomImporter.java
FileSortTab;0;0;0;src/main/java/net/sf/jabref/gui/preftabs/FileSortTab.java
ExternalFileMenuItem;0;0;0;src/main/java/net/sf/jabref/external/ExternalFileMenuItem.java
ArXiv;0;0;0;src/main/java/net/sf/jabref/logic/fulltext/ArXiv.java
AddToGroupAction;0;0;0;src/main/java/net/sf/jabref/gui/groups/AddToGroupAction.java
KeyBindingPreferences;0;0;0;src/main/java/net/sf/jabref/gui/keyboard/KeyBindingPreferences.java
MergeEntriesDialog;0;0;0;src/main/java/net/sf/jabref/gui/mergeentries/MergeEntriesDialog.java
AboutDialog;0;0;0;src/main/java/net/sf/jabref/gui/help/AboutDialog.java
AutosaveStartupPrompter;0;0;0;src/main/java/net/sf/jabref/importer/AutosaveStartupPrompter.java
MedlineImporter;0;0;0;src/main/java/net/sf/jabref/importer/fileformat/MedlineImporter.java
OAI2Handler;0;0;0;src/main/java/net/sf/jabref/importer/OAI2Handler.java
JabRefPreferencesFilter;0;0;0;src/main/java/net/sf/jabref/JabRefPreferencesFilter.java
PositionWindow;0;0;0;src/main/java/net/sf/jabref/gui/util/PositionWindow.java
PreferencesMigrations;0;0;0;src/main/java/net/sf/jabref/migrations/PreferencesMigrations.java
SearchFixDuplicateLabels;0;0;0;src/main/java/net/sf/jabref/gui/labelpattern/SearchFixDuplicateLabels.java
WrapLayout;0;0;0;src/main/java/net/sf/jabref/gui/WrapLayout.java
AbstractAutoCompleter;0;0;0;src/main/java/net/sf/jabref/logic/autocompleter/AbstractAutoCompleter.java
ImportFormat;0;0;0;src/main/java/net/sf/jabref/importer/fileformat/ImportFormat.java
ClipBoardManager;0;0;0;src/main/java/net/sf/jabref/gui/ClipBoardManager.java
AbbreviationParser;0;0;0;src/main/java/net/sf/jabref/logic/journals/AbbreviationParser.java
EntryEditorTabFocusListener;0;0;0;src/main/java/net/sf/jabref/gui/entryeditor/EntryEditorTabFocusListener.java
FieldChange;0;0;0;src/main/java/net/sf/jabref/model/FieldChange.java
MarkEntriesAction;0;0;0;src/main/java/net/sf/jabref/gui/worker/MarkEntriesAction.java
SpecialFieldDropDown;0;0;0;src/main/java/net/sf/jabref/specialfields/SpecialFieldDropDown.java
NewVersionDialog;0;0;0;src/main/java/net/sf/jabref/gui/help/NewVersionDialog.java
BibtexKeyPatternDialog;0;0;0;src/main/java/net/sf/jabref/gui/BibtexKeyPatternDialog.java
FileHistoryMenu;0;0;0;src/main/java/net/sf/jabref/gui/menus/FileHistoryMenu.java
SearchWorker;0;0;0;src/main/java/net/sf/jabref/gui/search/SearchWorker.java
Linux;0;0;0;src/main/java/net/sf/jabref/gui/desktop/os/Linux.java
PushToApplicationAction;0;0;0;src/main/java/net/sf/jabref/external/push/PushToApplicationAction.java
FindFullTextAction;0;0;0;src/main/java/net/sf/jabref/external/FindFullTextAction.java
AllEntriesGroup;0;0;0;src/main/java/net/sf/jabref/logic/groups/AllEntriesGroup.java
MacAdapter;0;0;0;src/main/java/osx/macadapter/MacAdapter.java
ScienceDirect;0;0;0;src/main/java/net/sf/jabref/logic/fulltext/ScienceDirect.java
TransferableEntrySelection;0;0;0;src/main/java/net/sf/jabref/gui/groups/TransferableEntrySelection.java
UnicodeToLatexFormatter;0;0;0;src/main/java/net/sf/jabref/logic/formatter/bibtexfields/UnicodeToLatexFormatter.java
VersionWorker;0;0;0;src/main/java/net/sf/jabref/gui/worker/VersionWorker.java
BibTeXMLHandler;0;0;0;src/main/java/net/sf/jabref/importer/fileformat/BibTeXMLHandler.java
SearchQueryHighlightObservable;0;0;0;src/main/java/net/sf/jabref/logic/search/SearchQueryHighlightObservable.java
ChangeEntryTypeMenu;0;0;0;src/main/java/net/sf/jabref/gui/menus/ChangeEntryTypeMenu.java
SidePaneComponent;0;0;0;src/main/java/net/sf/jabref/gui/SidePaneComponent.java
Word;0;0;0;src/main/java/net/sf/jabref/logic/formatter/casechanger/Word.java
IntegrityCheckAction;0;0;0;src/main/java/net/sf/jabref/gui/actions/IntegrityCheckAction.java
MoveFilesCleanup;0;0;0;src/main/java/net/sf/jabref/logic/cleanup/MoveFilesCleanup.java
XMLChars;0;0;0;src/main/java/net/sf/jabref/logic/layout/format/XMLChars.java
BibTeXMLImporter;0;0;0;src/main/java/net/sf/jabref/importer/fileformat/BibTeXMLImporter.java
GeneralRenderer;0;0;0;src/main/java/net/sf/jabref/gui/renderer/GeneralRenderer.java
INSPIREBibtexFilterReader;0;0;0;src/main/java/net/sf/jabref/importer/fetcher/INSPIREBibtexFilterReader.java
AuxParserResult;0;0;0;src/main/java/net/sf/jabref/logic/auxparser/AuxParserResult.java
BrowseAction;0;0;0;src/main/java/net/sf/jabref/gui/actions/BrowseAction.java
ListAutoCompleteRenderer;0;0;0;src/main/java/net/sf/jabref/gui/autocompleter/ListAutoCompleteRenderer.java
OpenFileFilter;0;0;0;src/main/java/net/sf/jabref/gui/OpenFileFilter.java
WaitForSaveOperation;0;0;0;src/main/java/net/sf/jabref/gui/WaitForSaveOperation.java
Actions;0;0;0;src/main/java/net/sf/jabref/gui/actions/Actions.java
CleanupWorker;0;0;0;src/main/java/net/sf/jabref/logic/cleanup/CleanupWorker.java
SimpleUrlDragDrop;0;0;0;src/main/java/net/sf/jabref/gui/entryeditor/SimpleUrlDragDrop.java
FileUpdatePanel;0;0;0;src/main/java/net/sf/jabref/collab/FileUpdatePanel.java
SidePane;0;0;0;src/main/java/net/sf/jabref/gui/SidePane.java
CookieHandlerImpl;0;0;0;src/main/java/net/sf/jabref/logic/net/CookieHandlerImpl.java
DuplicationChecker;0;0;0;src/main/java/net/sf/jabref/model/database/DuplicationChecker.java
CleanupActionsListModel;0;0;0;src/main/java/net/sf/jabref/gui/cleanup/CleanupActionsListModel.java
DbConnectAction;0;0;0;src/main/java/net/sf/jabref/sql/DbConnectAction.java
IEEETranEntryTypes;0;0;0;src/main/java/net/sf/jabref/model/entry/IEEETranEntryTypes.java
KeyBindingRepository;0;0;0;src/main/java/net/sf/jabref/gui/keyboard/KeyBindingRepository.java
CitationEntry;0;0;0;src/main/java/net/sf/jabref/logic/openoffice/CitationEntry.java
Formatters;0;0;0;src/main/java/net/sf/jabref/logic/formatter/Formatters.java
Abbreviation;0;0;0;src/main/java/net/sf/jabref/logic/journals/Abbreviation.java
NewEntryAction;0;0;0;src/main/java/net/sf/jabref/gui/actions/NewEntryAction.java
PdfXmpImporter;0;0;0;src/main/java/net/sf/jabref/importer/fileformat/PdfXmpImporter.java
SpecialFieldAction;0;0;0;src/main/java/net/sf/jabref/specialfields/SpecialFieldAction.java
TitleParser;0;0;0;src/main/java/net/sf/jabref/logic/formatter/casechanger/TitleParser.java
JTextFieldChangeListenerUtil;0;0;0;src/main/java/net/sf/jabref/gui/search/JTextFieldChangeListenerUtil.java
MODSDatabase;0;0;0;src/main/java/net/sf/jabref/logic/mods/MODSDatabase.java
BibtexPurify;0;0;0;src/main/java/net/sf/jabref/bst/BibtexPurify.java
IEEE;0;0;0;src/main/java/net/sf/jabref/logic/fulltext/IEEE.java
ParsedFileField;0;0;0;src/main/java/net/sf/jabref/model/entry/ParsedFileField.java
PreventDraggingJTableHeader;0;0;0;src/main/java/net/sf/jabref/gui/maintable/PreventDraggingJTableHeader.java
TagToMarkedTextStore;0;0;0;src/main/java/net/sf/jabref/gui/plaintextimport/TagToMarkedTextStore.java
HelpAction;0;0;0;src/main/java/net/sf/jabref/gui/help/HelpAction.java
Iso690NamesAuthors;0;0;0;src/main/java/net/sf/jabref/logic/layout/format/Iso690NamesAuthors.java
SaveException;0;0;0;src/main/java/net/sf/jabref/exporter/SaveException.java
AbbreviateAction;0;0;0;src/main/java/net/sf/jabref/gui/journals/AbbreviateAction.java
DoiResolution;0;0;0;src/main/java/net/sf/jabref/logic/fulltext/DoiResolution.java
GroupsUtil;0;0;0;src/main/java/net/sf/jabref/logic/groups/GroupsUtil.java
RemoveBracesFormatter;0;0;0;src/main/java/net/sf/jabref/logic/formatter/bibtexfields/RemoveBracesFormatter.java
TransferableBibtexEntry;0;0;0;src/main/java/net/sf/jabref/gui/TransferableBibtexEntry.java
BibLatexEntryType;0;0;0;src/main/java/net/sf/jabref/model/entry/BibLatexEntryType.java
ErrorConsoleAction;0;0;0;src/main/java/net/sf/jabref/gui/actions/ErrorConsoleAction.java
ImportFileFilter;0;0;0;src/main/java/net/sf/jabref/importer/ImportFileFilter.java
KeyBindingTableModel;0;0;0;src/main/java/net/sf/jabref/gui/keyboard/KeyBindingTableModel.java
Protocol;0;0;0;src/main/java/net/sf/jabref/logic/remote/shared/Protocol.java
CheckForNewEntryTypesAction;0;0;0;src/main/java/net/sf/jabref/importer/CheckForNewEntryTypesAction.java
ExportFileFilter;0;0;0;src/main/java/net/sf/jabref/exporter/ExportFileFilter.java
GetOpenOfficeType;0;0;0;src/main/java/net/sf/jabref/logic/layout/format/GetOpenOfficeType.java
PageNumbers;0;0;0;src/main/java/net/sf/jabref/logic/mods/PageNumbers.java
RemoteListenerServer;0;0;0;src/main/java/net/sf/jabref/logic/remote/server/RemoteListenerServer.java
UnabbreviateAction;0;0;0;src/main/java/net/sf/jabref/gui/journals/UnabbreviateAction.java
AutoLinkFilesAction;0;0;0;src/main/java/net/sf/jabref/gui/actions/AutoLinkFilesAction.java
ListSynchronizer;0;0;0;src/main/java/net/sf/jabref/gui/maintable/ListSynchronizer.java
RegexBasedSearchRule;0;0;0;src/main/java/net/sf/jabref/logic/search/rules/RegexBasedSearchRule.java
WarnAssignmentSideEffects;0;0;0;src/main/java/net/sf/jabref/gui/groups/WarnAssignmentSideEffects.java
JTextFieldWithUnfocusedText;0;0;0;src/main/java/net/sf/jabref/gui/util/component/JTextFieldWithUnfocusedText.java
ParserResultWarningDialog;0;0;0;src/main/java/net/sf/jabref/gui/ParserResultWarningDialog.java
DoiCleanup;0;0;0;src/main/java/net/sf/jabref/logic/cleanup/DoiCleanup.java
MinifyNameListFormatter;0;0;0;src/main/java/net/sf/jabref/logic/formatter/minifier/MinifyNameListFormatter.java
ModsExportFormat;0;0;0;src/main/java/net/sf/jabref/exporter/ModsExportFormat.java
MSBibExportFormat;0;0;0;src/main/java/net/sf/jabref/exporter/MSBibExportFormat.java
BibtexTextPrefix;0;0;0;src/main/java/net/sf/jabref/bst/BibtexTextPrefix.java
KeyBindingsListener;0;0;0;src/main/java/net/sf/jabref/gui/keyboard/KeyBindingsListener.java
MsBibImporter;0;0;0;src/main/java/net/sf/jabref/importer/fileformat/MsBibImporter.java
RelativePathsCleanup;0;0;0;src/main/java/net/sf/jabref/logic/cleanup/RelativePathsCleanup.java
UndoableChangeAssignment;0;0;0;src/main/java/net/sf/jabref/gui/groups/UndoableChangeAssignment.java
ContainsAndRegexBasedSearchRuleDescriber;0;0;0;src/main/java/net/sf/jabref/logic/search/rules/describer/ContainsAndRegexBasedSearchRuleDescriber.java
FindFullText;0;0;0;src/main/java/net/sf/jabref/logic/fulltext/FindFullText.java
QuotedStringTokenizer;0;0;0;src/main/java/net/sf/jabref/logic/util/strings/QuotedStringTokenizer.java
UndoableKeyChange;0;0;0;src/main/java/net/sf/jabref/gui/undo/UndoableKeyChange.java
UndoableModifyGroup;0;0;0;src/main/java/net/sf/jabref/gui/groups/UndoableModifyGroup.java
Windows;0;0;0;src/main/java/net/sf/jabref/gui/desktop/os/Windows.java
ContainBasedSearchRule;0;0;0;src/main/java/net/sf/jabref/logic/search/rules/ContainBasedSearchRule.java
DBLPHelper;0;0;0;src/main/java/net/sf/jabref/importer/fetcher/DBLPHelper.java
Languages;0;0;0;src/main/java/net/sf/jabref/logic/l10n/Languages.java
SaveAllAction;0;0;0;src/main/java/net/sf/jabref/exporter/SaveAllAction.java
UndoableMoveGroup;0;0;0;src/main/java/net/sf/jabref/gui/groups/UndoableMoveGroup.java
BibtexEntryType;0;0;0;src/main/java/net/sf/jabref/model/entry/BibtexEntryType.java
BuildInfo;0;0;0;src/main/java/net/sf/jabref/logic/util/BuildInfo.java
EncodingControl;0;0;0;src/main/java/net/sf/jabref/logic/l10n/EncodingControl.java
GoogleScholar;0;0;0;src/main/java/net/sf/jabref/logic/fulltext/GoogleScholar.java
RtfSelection;0;0;0;src/main/java/net/sf/jabref/exporter/RtfSelection.java
SpringerLink;0;0;0;src/main/java/net/sf/jabref/logic/fulltext/SpringerLink.java
TransferableFileLinkSelection;0;0;0;src/main/java/net/sf/jabref/external/TransferableFileLinkSelection.java
Cache;0;0;0;src/main/java/net/sf/jabref/logic/logging/Cache.java
SentenceAnalyzer;0;0;0;src/main/java/net/sf/jabref/logic/search/rules/SentenceAnalyzer.java
UndoableAbbreviator;0;0;0;src/main/java/net/sf/jabref/gui/journals/UndoableAbbreviator.java
BiblatexCleanup;0;0;0;src/main/java/net/sf/jabref/logic/cleanup/BiblatexCleanup.java
ImportInspectionCommandLine;0;0;0;src/main/java/net/sf/jabref/importer/ImportInspectionCommandLine.java
AbstractParamLayoutFormatter;0;0;0;src/main/java/net/sf/jabref/logic/layout/AbstractParamLayoutFormatter.java
CreateDocBookAuthors;0;0;0;src/main/java/net/sf/jabref/logic/layout/format/CreateDocBookAuthors.java
HtmlTransferable;0;0;0;src/main/java/net/sf/jabref/gui/fieldeditors/HtmlTransferable.java
ISSNChecker;0;0;0;src/main/java/net/sf/jabref/logic/integrity/ISSNChecker.java
PreviewPanelTransferHandler;0;0;0;src/main/java/net/sf/jabref/gui/fieldeditors/PreviewPanelTransferHandler.java
URLUtil;0;0;0;src/main/java/net/sf/jabref/logic/net/URLUtil.java
AttachFileAction;0;0;0;src/main/java/net/sf/jabref/external/AttachFileAction.java
FileBasedLock;0;0;0;src/main/java/net/sf/jabref/logic/util/io/FileBasedLock.java
FormatNameFunction;0;0;0;src/main/java/net/sf/jabref/bst/FormatNameFunction.java
RemoveFromGroupAction;0;0;0;src/main/java/net/sf/jabref/gui/groups/RemoveFromGroupAction.java
VerifyingWriter;0;0;0;src/main/java/net/sf/jabref/exporter/VerifyingWriter.java
BibsonomyScraper;0;0;0;src/main/java/net/sf/jabref/importer/fetcher/BibsonomyScraper.java
OSX;0;0;0;src/main/java/net/sf/jabref/gui/desktop/os/OSX.java
Ordinal;0;0;0;src/main/java/net/sf/jabref/logic/layout/format/Ordinal.java
OverlayPanel;0;0;0;src/main/java/net/sf/jabref/gui/util/component/OverlayPanel.java
BibtexStringComparator;0;0;0;src/main/java/net/sf/jabref/logic/bibtex/comparator/BibtexStringComparator.java
OrdinalsToSuperscriptFormatter;0;0;0;src/main/java/net/sf/jabref/logic/formatter/bibtexfields/OrdinalsToSuperscriptFormatter.java
TitleCaseFormatter;0;0;0;src/main/java/net/sf/jabref/logic/formatter/casechanger/TitleCaseFormatter.java
DatePickerButton;0;0;0;src/main/java/net/sf/jabref/gui/date/DatePickerButton.java
GlobalSearchWorker;0;0;0;src/main/java/net/sf/jabref/gui/search/GlobalSearchWorker.java
GuiAppender;0;0;0;src/main/java/net/sf/jabref/logic/logging/GuiAppender.java
LowerCaseFormatter;0;0;0;src/main/java/net/sf/jabref/logic/formatter/casechanger/LowerCaseFormatter.java
NewSubDatabaseAction;0;0;0;src/main/java/net/sf/jabref/gui/actions/NewSubDatabaseAction.java
SpecialFieldUpdateListener;0;0;0;src/main/java/net/sf/jabref/specialfields/SpecialFieldUpdateListener.java
GroupsParser;0;0;0;src/main/java/net/sf/jabref/logic/groups/GroupsParser.java
IconComparator;0;0;0;src/main/java/net/sf/jabref/gui/util/comparator/IconComparator.java
IdentityFormatter;0;0;0;src/main/java/net/sf/jabref/logic/formatter/IdentityFormatter.java
RemoteListenerClient;0;0;0;src/main/java/net/sf/jabref/logic/remote/client/RemoteListenerClient.java
UndoableUnabbreviator;0;0;0;src/main/java/net/sf/jabref/gui/journals/UndoableUnabbreviator.java
FileFinder;0;0;0;src/main/java/net/sf/jabref/logic/util/io/FileFinder.java
MatcherSet;0;0;0;src/main/java/net/sf/jabref/logic/search/matchers/MatcherSet.java
StreamEavesdropper;0;0;0;src/main/java/net/sf/jabref/logic/error/StreamEavesdropper.java
ACS;0;0;0;src/main/java/net/sf/jabref/logic/fulltext/ACS.java
CanonicalBibtexEntry;0;0;0;src/main/java/net/sf/jabref/model/entry/CanonicalBibtexEntry.java
EntriesGroupChange;0;0;0;src/main/java/net/sf/jabref/logic/groups/EntriesGroupChange.java
PasteAction;0;0;0;src/main/java/net/sf/jabref/gui/actions/PasteAction.java
SortTabsAction;0;0;0;src/main/java/net/sf/jabref/gui/actions/SortTabsAction.java
AuthorAndsReplacer;0;0;0;src/main/java/net/sf/jabref/logic/layout/format/AuthorAndsReplacer.java
CopyAction;0;0;0;src/main/java/net/sf/jabref/gui/actions/CopyAction.java
DefaultDesktop;0;0;0;src/main/java/net/sf/jabref/gui/desktop/os/DefaultDesktop.java
FieldEditor;0;0;0;src/main/java/net/sf/jabref/gui/fieldeditors/FieldEditor.java
HTMLParagraphs;0;0;0;src/main/java/net/sf/jabref/logic/layout/format/HTMLParagraphs.java
UndoableChangeType;0;0;0;src/main/java/net/sf/jabref/gui/undo/UndoableChangeType.java
DBExporterAndImporterFactory;0;0;0;src/main/java/net/sf/jabref/sql/DBExporterAndImporterFactory.java
FileNameCleaner;0;0;0;src/main/java/net/sf/jabref/logic/util/io/FileNameCleaner.java
TextPrefixFunction;0;0;0;src/main/java/net/sf/jabref/bst/TextPrefixFunction.java
Title;0;0;0;src/main/java/net/sf/jabref/logic/formatter/casechanger/Title.java
AutoCompleterFactory;0;0;0;src/main/java/net/sf/jabref/logic/autocompleter/AutoCompleterFactory.java
ChangeCaseFunction;0;0;0;src/main/java/net/sf/jabref/bst/ChangeCaseFunction.java
CheckBoxMessage;0;0;0;src/main/java/net/sf/jabref/gui/util/component/CheckBoxMessage.java
ContentAutoCompleters;0;0;0;src/main/java/net/sf/jabref/logic/autocompleter/ContentAutoCompleters.java
CreateBibORDFAuthors;0;0;0;src/main/java/net/sf/jabref/logic/layout/format/CreateBibORDFAuthors.java
IntegrityMessage;0;0;0;src/main/java/net/sf/jabref/logic/integrity/IntegrityMessage.java
RankingFieldComparator;0;0;0;src/main/java/net/sf/jabref/gui/util/comparator/RankingFieldComparator.java
WrapContent;0;0;0;src/main/java/net/sf/jabref/logic/layout/format/WrapContent.java
AuthorAndsCommaReplacer;0;0;0;src/main/java/net/sf/jabref/logic/layout/format/AuthorAndsCommaReplacer.java
BibDatabaseModeDetection;0;0;0;src/main/java/net/sf/jabref/model/database/BibDatabaseModeDetection.java
CapitalizeFormatter;0;0;0;src/main/java/net/sf/jabref/logic/formatter/casechanger/CapitalizeFormatter.java
DatabaseSearcher;0;0;0;src/main/java/net/sf/jabref/logic/search/DatabaseSearcher.java
DefaultAutoCompleter;0;0;0;src/main/java/net/sf/jabref/logic/autocompleter/DefaultAutoCompleter.java
EntryFetchers;0;0;0;src/main/java/net/sf/jabref/importer/fetcher/EntryFetchers.java
HighlightMatchingGroupPreferences;0;0;0;src/main/java/net/sf/jabref/HighlightMatchingGroupPreferences.java
MainTableHeaderRenderer;0;0;0;src/main/java/net/sf/jabref/gui/maintable/MainTableHeaderRenderer.java
MatchesHighlighter;0;0;0;src/main/java/net/sf/jabref/logic/search/MatchesHighlighter.java
OSXCompatibleToolbar;0;0;0;src/main/java/net/sf/jabref/gui/OSXCompatibleToolbar.java
SentenceCaseFormatter;0;0;0;src/main/java/net/sf/jabref/logic/formatter/casechanger/SentenceCaseFormatter.java
UpperCaseFormatter;0;0;0;src/main/java/net/sf/jabref/logic/formatter/casechanger/UpperCaseFormatter.java
XMLUtil;0;0;0;src/main/java/net/sf/jabref/logic/util/io/XMLUtil.java
ClearFormatter;0;0;0;src/main/java/net/sf/jabref/logic/formatter/bibtexfields/ClearFormatter.java
HtmlToUnicodeFormatter;0;0;0;src/main/java/net/sf/jabref/logic/formatter/bibtexfields/HtmlToUnicodeFormatter.java
NewDatabaseAction;0;0;0;src/main/java/net/sf/jabref/gui/actions/NewDatabaseAction.java
NormalizeNamesFormatter;0;0;0;src/main/java/net/sf/jabref/logic/formatter/bibtexfields/NormalizeNamesFormatter.java
EntryConverter;0;0;0;src/main/java/net/sf/jabref/model/entry/EntryConverter.java
FieldProperties;0;0;0;src/main/java/net/sf/jabref/model/entry/FieldProperties.java
FirstColumnComparator;0;0;0;src/main/java/net/sf/jabref/gui/util/comparator/FirstColumnComparator.java
IfPlural;0;0;0;src/main/java/net/sf/jabref/logic/layout/format/IfPlural.java
MainTableNameFormatter;0;0;0;src/main/java/net/sf/jabref/gui/maintable/MainTableNameFormatter.java
PushToLatexEditor;0;0;0;src/main/java/net/sf/jabref/external/push/PushToLatexEditor.java
BibtexKeyAutoCompleter;0;0;0;src/main/java/net/sf/jabref/logic/autocompleter/BibtexKeyAutoCompleter.java
CompositeFormat;0;0;0;src/main/java/net/sf/jabref/logic/layout/format/CompositeFormat.java
EntryType;0;0;0;src/main/java/net/sf/jabref/model/entry/EntryType.java
FieldNameLabel;0;0;0;src/main/java/net/sf/jabref/gui/fieldeditors/FieldNameLabel.java
MoveGroupChange;0;0;0;src/main/java/net/sf/jabref/logic/groups/MoveGroupChange.java
UndoableChangeEntriesOfGroup;0;0;0;src/main/java/net/sf/jabref/gui/groups/UndoableChangeEntriesOfGroup.java
AutoCompleters;0;0;0;src/main/java/net/sf/jabref/logic/autocompleter/AutoCompleters.java
DatabaseType;0;0;0;src/main/java/net/sf/jabref/sql/DatabaseType.java
JournalAbbreviationsUtil;0;0;0;src/main/java/net/sf/jabref/gui/journals/JournalAbbreviationsUtil.java
OpenBrowserAction;0;0;0;src/main/java/net/sf/jabref/gui/actions/OpenBrowserAction.java
PurifyFunction;0;0;0;src/main/java/net/sf/jabref/bst/PurifyFunction.java
WidthFunction;0;0;0;src/main/java/net/sf/jabref/bst/WidthFunction.java
AuxCommandLine;0;0;0;src/main/java/net/sf/jabref/cli/AuxCommandLine.java
FieldEditorFocusListener;0;0;0;src/main/java/net/sf/jabref/gui/fieldeditors/FieldEditorFocusListener.java
GlobalFocusListener;0;0;0;src/main/java/net/sf/jabref/gui/GlobalFocusListener.java
LocalizationKeyParams;0;0;0;src/main/java/net/sf/jabref/logic/l10n/LocalizationKeyParams.java
MimeTypeDetector;0;0;0;src/main/java/net/sf/jabref/logic/fulltext/MimeTypeDetector.java
PushToWinEdt;0;0;0;src/main/java/net/sf/jabref/external/push/PushToWinEdt.java
SpecialFieldDatabaseChangeListener;0;0;0;src/main/java/net/sf/jabref/specialfields/SpecialFieldDatabaseChangeListener.java
CrossRefEntryComparator;0;0;0;src/main/java/net/sf/jabref/logic/bibtex/comparator/CrossRefEntryComparator.java
EntrySorter;0;0;0;src/main/java/net/sf/jabref/model/database/EntrySorter.java
JabRefLogger;0;0;0;src/main/java/net/sf/jabref/logic/logging/JabRefLogger.java
JournalAutoCompleter;0;0;0;src/main/java/net/sf/jabref/logic/autocompleter/JournalAutoCompleter.java
PushToTexmaker;0;0;0;src/main/java/net/sf/jabref/external/push/PushToTexmaker.java
PushToTeXstudio;0;0;0;src/main/java/net/sf/jabref/external/push/PushToTeXstudio.java
RemoteListenerServerThread;0;0;0;src/main/java/net/sf/jabref/logic/remote/server/RemoteListenerServerThread.java
Replace;0;0;0;src/main/java/net/sf/jabref/logic/layout/format/Replace.java
TeeStream;0;0;0;src/main/java/net/sf/jabref/logic/error/TeeStream.java
EntireFieldAutoCompleter;0;0;0;src/main/java/net/sf/jabref/logic/autocompleter/EntireFieldAutoCompleter.java
FieldChangedEvent;0;0;0;src/main/java/net/sf/jabref/event/FieldChangedEvent.java
HandleDuplicateWarnings;0;0;0;src/main/java/net/sf/jabref/importer/HandleDuplicateWarnings.java
JabRefMessageHandler;0;0;0;src/main/java/net/sf/jabref/gui/remote/JabRefMessageHandler.java
ManageJournalsAction;0;0;0;src/main/java/net/sf/jabref/gui/journals/ManageJournalsAction.java
RemoveTilde;0;0;0;src/main/java/net/sf/jabref/logic/layout/format/RemoveTilde.java
SearchDescribers;0;0;0;src/main/java/net/sf/jabref/logic/search/rules/describer/SearchDescribers.java
SearchMode;0;0;0;src/main/java/net/sf/jabref/gui/search/SearchMode.java
AuthorOrgSci;0;0;0;src/main/java/net/sf/jabref/logic/layout/format/AuthorOrgSci.java
CaseChangeMenu;0;0;0;src/main/java/net/sf/jabref/gui/fieldeditors/contextmenu/CaseChangeMenu.java
DragDropPopupPane;0;0;0;src/main/java/net/sf/jabref/gui/DragDropPopupPane.java
FocusRequester;0;0;0;src/main/java/net/sf/jabref/gui/util/FocusRequester.java
Iso690FormatDate;0;0;0;src/main/java/net/sf/jabref/logic/layout/format/Iso690FormatDate.java
MSBibEntryType;0;0;0;src/main/java/net/sf/jabref/logic/msbib/MSBibEntryType.java
BibDatabases;0;0;0;src/main/java/net/sf/jabref/model/database/BibDatabases.java
FieldComparatorStack;0;0;0;src/main/java/net/sf/jabref/logic/bibtex/comparator/FieldComparatorStack.java
IdGenerator;0;0;0;src/main/java/net/sf/jabref/model/entry/IdGenerator.java
LocalizationKey;0;0;0;src/main/java/net/sf/jabref/logic/l10n/LocalizationKey.java
ProxyAuthenticator;0;0;0;src/main/java/net/sf/jabref/logic/net/ProxyAuthenticator.java
PushToApplication;0;0;0;src/main/java/net/sf/jabref/external/push/PushToApplication.java
PushToApplications;0;0;0;src/main/java/net/sf/jabref/external/push/PushToApplications.java
AboutAction;0;0;0;src/main/java/net/sf/jabref/gui/help/AboutAction.java
ChangeTypeAction;0;0;0;src/main/java/net/sf/jabref/gui/actions/ChangeTypeAction.java
ConversionMenu;0;0;0;src/main/java/net/sf/jabref/gui/fieldeditors/contextmenu/ConversionMenu.java
DBImporterResult;0;0;0;src/main/java/net/sf/jabref/sql/importer/DBImporterResult.java
Formatter;0;0;0;src/main/java/net/sf/jabref/logic/formatter/Formatter.java
HitOrMissComparator;0;0;0;src/main/java/net/sf/jabref/gui/search/HitOrMissComparator.java
LastPage;0;0;0;src/main/java/net/sf/jabref/logic/layout/format/LastPage.java
SearchRules;0;0;0;src/main/java/net/sf/jabref/logic/search/rules/SearchRules.java
CopyVersionToClipboardAction;0;0;0;src/main/java/net/sf/jabref/gui/actions/CopyVersionToClipboardAction.java
EntryAddedEvent;0;0;0;src/main/java/net/sf/jabref/event/EntryAddedEvent.java
RemoveWhitespace;0;0;0;src/main/java/net/sf/jabref/logic/layout/format/RemoveWhitespace.java
RisMonth;0;0;0;src/main/java/net/sf/jabref/logic/layout/format/RisMonth.java
SpecialFieldMenuAction;0;0;0;src/main/java/net/sf/jabref/specialfields/SpecialFieldMenuAction.java
DOICheck;0;0;0;src/main/java/net/sf/jabref/logic/layout/format/DOICheck.java
Encodings;0;0;0;src/main/java/net/sf/jabref/logic/l10n/Encodings.java
FirstPage;0;0;0;src/main/java/net/sf/jabref/logic/layout/format/FirstPage.java
IExportFormat;0;0;0;src/main/java/net/sf/jabref/exporter/IExportFormat.java
IncompleteRenderer;0;0;0;src/main/java/net/sf/jabref/gui/renderer/IncompleteRenderer.java
MonitoredURLDownload;0;0;0;src/main/java/net/sf/jabref/gui/net/MonitoredURLDownload.java
NotFoundFormatter;0;0;0;src/main/java/net/sf/jabref/logic/layout/format/NotFoundFormatter.java
ProxyRegisterer;0;0;0;src/main/java/net/sf/jabref/logic/net/ProxyRegisterer.java
RemoveBracketsAddComma;0;0;0;src/main/java/net/sf/jabref/logic/layout/format/RemoveBracketsAddComma.java
AndMatcher;0;0;0;src/main/java/net/sf/jabref/logic/search/matchers/AndMatcher.java
AutoCompleteRenderer;0;0;0;src/main/java/net/sf/jabref/gui/autocompleter/AutoCompleteRenderer.java
CurrentDate;0;0;0;src/main/java/net/sf/jabref/logic/layout/format/CurrentDate.java
KeyBinder;0;0;0;src/main/java/net/sf/jabref/gui/keyboard/KeyBinder.java
KeyCollisionException;0;0;0;src/main/java/net/sf/jabref/model/database/KeyCollisionException.java
OrMatcher;0;0;0;src/main/java/net/sf/jabref/logic/search/matchers/OrMatcher.java
UndefinedBibtexEntry;0;0;0;src/main/java/net/sf/jabref/gui/openoffice/UndefinedBibtexEntry.java
Database;0;0;0;src/main/java/net/sf/jabref/sql/Database.java
GroupHierarchyType;0;0;0;src/main/java/net/sf/jabref/logic/groups/GroupHierarchyType.java
JournalAbbreviator;0;0;0;src/main/java/net/sf/jabref/logic/layout/format/JournalAbbreviator.java
MatcherSets;0;0;0;src/main/java/net/sf/jabref/logic/search/matchers/MatcherSets.java
NotMatcher;0;0;0;src/main/java/net/sf/jabref/logic/search/matchers/NotMatcher.java
RemoveBrackets;0;0;0;src/main/java/net/sf/jabref/logic/layout/format/RemoveBrackets.java
SearchForUpdateAction;0;0;0;src/main/java/net/sf/jabref/gui/actions/SearchForUpdateAction.java
CompleteRenderer;0;0;0;src/main/java/net/sf/jabref/gui/renderer/CompleteRenderer.java
Default;0;0;0;src/main/java/net/sf/jabref/logic/layout/format/Default.java
StringLengthComparator;0;0;0;src/main/java/net/sf/jabref/logic/util/strings/StringLengthComparator.java
DOIStrip;0;0;0;src/main/java/net/sf/jabref/logic/layout/format/DOIStrip.java
KeyBindingTable;0;0;0;src/main/java/net/sf/jabref/gui/keyboard/KeyBindingTable.java
Number;0;0;0;src/main/java/net/sf/jabref/logic/layout/format/Number.java
AutoCompleter;0;0;0;src/main/java/net/sf/jabref/logic/autocompleter/AutoCompleter.java
BibEntryNotFoundException;0;0;0;src/main/java/net/sf/jabref/gui/openoffice/BibEntryNotFoundException.java
CreateDocBookEditors;0;0;0;src/main/java/net/sf/jabref/logic/layout/format/CreateDocBookEditors.java
EntryEvent;0;0;0;src/main/java/net/sf/jabref/event/EntryEvent.java
IsMarkedComparator;0;0;0;src/main/java/net/sf/jabref/gui/util/comparator/IsMarkedComparator.java
ToLowerCase;0;0;0;src/main/java/net/sf/jabref/logic/layout/format/ToLowerCase.java
ToUpperCase;0;0;0;src/main/java/net/sf/jabref/logic/layout/format/ToUpperCase.java
UndefinedCharacterFormatException;0;0;0;src/main/java/net/sf/jabref/gui/openoffice/UndefinedCharacterFormatException.java
UndefinedParagraphFormatException;0;0;0;src/main/java/net/sf/jabref/logic/openoffice/UndefinedParagraphFormatException.java
AuthorAbbreviator;0;0;0;src/main/java/net/sf/jabref/logic/layout/format/AuthorAbbreviator.java
AuthorLF_FF;0;0;0;src/main/java/net/sf/jabref/logic/layout/format/AuthorLF_FF.java
AuthorLF_FFAbbr;0;0;0;src/main/java/net/sf/jabref/logic/layout/format/AuthorLF_FFAbbr.java
EverythingMatcher;0;0;0;src/main/java/net/sf/jabref/gui/search/matchers/EverythingMatcher.java
GroupMatcher;0;0;0;src/main/java/net/sf/jabref/gui/groups/GroupMatcher.java
SearchMatcher;0;0;0;src/main/java/net/sf/jabref/gui/search/matchers/SearchMatcher.java
AuthorFirstAbbrLastCommas;0;0;0;src/main/java/net/sf/jabref/logic/layout/format/AuthorFirstAbbrLastCommas.java
AuthorFirstAbbrLastOxfordCommas;0;0;0;src/main/java/net/sf/jabref/logic/layout/format/AuthorFirstAbbrLastOxfordCommas.java
AuthorFirstFirst;0;0;0;src/main/java/net/sf/jabref/logic/layout/format/AuthorFirstFirst.java
AuthorFirstFirstCommas;0;0;0;src/main/java/net/sf/jabref/logic/layout/format/AuthorFirstFirstCommas.java
AuthorFirstLastCommas;0;0;0;src/main/java/net/sf/jabref/logic/layout/format/AuthorFirstLastCommas.java
AuthorFirstLastOxfordCommas;0;0;0;src/main/java/net/sf/jabref/logic/layout/format/AuthorFirstLastOxfordCommas.java
AuthorLastFirst;0;0;0;src/main/java/net/sf/jabref/logic/layout/format/AuthorLastFirst.java
AuthorLastFirstAbbrCommas;0;0;0;src/main/java/net/sf/jabref/logic/layout/format/AuthorLastFirstAbbrCommas.java
AuthorLastFirstAbbrOxfordCommas;0;0;0;src/main/java/net/sf/jabref/logic/layout/format/AuthorLastFirstAbbrOxfordCommas.java
AuthorLastFirstCommas;0;0;0;src/main/java/net/sf/jabref/logic/layout/format/AuthorLastFirstCommas.java
AuthorLastFirstOxfordCommas;0;0;0;src/main/java/net/sf/jabref/logic/layout/format/AuthorLastFirstOxfordCommas.java
AuthorNatBib;0;0;0;src/main/java/net/sf/jabref/logic/layout/format/AuthorNatBib.java
FullTextFinder;0;0;0;src/main/java/net/sf/jabref/logic/fulltext/FullTextFinder.java
IdComparator;0;0;0;src/main/java/net/sf/jabref/logic/bibtex/comparator/IdComparator.java
StringInt;0;0;0;src/main/java/net/sf/jabref/logic/layout/StringInt.java
AuthorLastFirstAbbreviator;0;0;0;src/main/java/net/sf/jabref/logic/layout/format/AuthorLastFirstAbbreviator.java
CleanupJob;0;0;0;src/main/java/net/sf/jabref/logic/cleanup/CleanupJob.java
FormatPagesForHTML;0;0;0;src/main/java/net/sf/jabref/logic/layout/format/FormatPagesForHTML.java
FormatPagesForXML;0;0;0;src/main/java/net/sf/jabref/logic/layout/format/FormatPagesForXML.java
NoSpaceBetweenAbbreviations;0;0;0;src/main/java/net/sf/jabref/logic/layout/format/NoSpaceBetweenAbbreviations.java
EntryChangedEvent;0;0;0;src/main/java/net/sf/jabref/event/EntryChangedEvent.java
EntryRemovedEvent;0;0;0;src/main/java/net/sf/jabref/event/EntryRemovedEvent.java
PrefsTab;0;0;0;src/main/java/net/sf/jabref/gui/preftabs/PrefsTab.java
SearchQueryHighlightListener;0;0;0;src/main/java/net/sf/jabref/logic/search/SearchQueryHighlightListener.java
UnknownExternalFileType;0;0;0;src/main/java/net/sf/jabref/external/UnknownExternalFileType.java
UnsupportedVersionException;0;0;0;src/main/java/net/sf/jabref/logic/groups/UnsupportedVersionException.java
AutoCompleteFirstNameMode;0;0;0;src/main/java/net/sf/jabref/logic/autocompleter/AutoCompleteFirstNameMode.java
ConfirmCloseFileListEntryEditor;0;0;0;src/main/java/net/sf/jabref/external/ConfirmCloseFileListEntryEditor.java
ConnectionLostException;0;0;0;src/main/java/net/sf/jabref/gui/openoffice/ConnectionLostException.java
EntryContainer;0;0;0;src/main/java/net/sf/jabref/gui/EntryContainer.java
ImportInspector;0;0;0;src/main/java/net/sf/jabref/importer/ImportInspector.java
NoDocumentException;0;0;0;src/main/java/net/sf/jabref/gui/openoffice/NoDocumentException.java
OutputPrinter;0;0;0;src/main/java/net/sf/jabref/importer/OutputPrinter.java
RemoteUtil;0;0;0;src/main/java/net/sf/jabref/logic/remote/RemoteUtil.java
SearchRule;0;0;0;src/main/java/net/sf/jabref/logic/search/rules/SearchRule.java
VMException;0;0;0;src/main/java/net/sf/jabref/bst/VMException.java
BaseAction;0;0;0;src/main/java/net/sf/jabref/gui/actions/BaseAction.java
CallBack;0;0;0;src/main/java/net/sf/jabref/gui/worker/CallBack.java
FileUpdateListener;0;0;0;src/main/java/net/sf/jabref/collab/FileUpdateListener.java
LayoutFormatter;0;0;0;src/main/java/net/sf/jabref/logic/layout/LayoutFormatter.java
MessageHandler;0;0;0;src/main/java/net/sf/jabref/logic/remote/server/MessageHandler.java
SearchDescriber;0;0;0;src/main/java/net/sf/jabref/logic/search/rules/describer/SearchDescriber.java
Warn;0;0;0;src/main/java/net/sf/jabref/bst/Warn.java
EncryptedPdfsNotSupportedException;0;0;0;src/main/java/net/sf/jabref/logic/xmp/EncryptedPdfsNotSupportedException.java
ParamLayoutFormatter;0;0;0;src/main/java/net/sf/jabref/logic/layout/ParamLayoutFormatter.java
Worker;0;0;0;src/main/java/net/sf/jabref/gui/worker/Worker.java
